0001010000000000
0001010001001001
0001010010010010
0001010011011011
0001010100100100
0001010101101101
0001010110110110
1111111111111111
0101001000111000
1000000000001011
0110011000111000
1000000000000000
0000111111111001
1000000000011100
0000111111111010
1000000001010010
0101100000111000
1000000000000101
0000111111111001
1000000001000100
0111100000111010
1001111101000000
0111101000111001
1001111101000010
0111101000111010
1000000000000111
0000111111111001
1000000000000111
0000111111111010
1000000001010010
0101100000111000
1000000000001011
0000111111111001
1000000001000101
0111100000111010
1001111101000000
0111101000111001
1001111101000010
0111101000111010
1000000000011100
0000111111111001
1000000000001010
0000111111111010
1000000001000110
0101100000111000
0111011000000000
0000111011011010
1000000000001011
0000111111111001
1000000001010010
0101100000111000
0101100000111000
0000000000110000
0000000000110001
0000000000110010
0000000000110011
0000000000110100
0000000000110101
0000000000110110
0000000000110111
0000000000111000
0000000000111001
0000000001000001
0000000001000010
0000000001000011
0000000001000100
0000000001000101
0000000001000110
0000000000101010
0000000000111101
0001010011011011
0001010100100100
0000001011001011
0110010100010000
1000000001010001
0110100000111000
1000000000000001
0000001111100100
1000000001001000
0110011000111000
0000000000000000
0000000000000000
1000000000001100
0000111111111101
1000000000000100
0000111111111100
1000000000000000
0000111111111011
0000001001011011
1001111101000000
0111101000111011
0000011011001011
1000000000001111
0000111111111110
0000101110101110
0000111110010110
0000110110101110
1000000000110100
0000111111111100
0000001100110100
0111100000100110
1001111101000010
0111101000111110
1000000000000100
0000111111111100
0000011101100101
1000000000000011
0110010011111000
1000000001110010
0110100000111000
1000000000000001
0000001111011011
1000000001011000
0110011000111000
0101101000000000
