0001010000000000
1001111101000000
0000111111111010
0001010011011011
1001111101000010
0000111111111110
1000000000011000
0111100000111001
1000000000011001
0000111111111100
0111100000100101
1000000000000001
0000001111100100
0000001111011011
0000011001111001
0111101000010011
0111101000110101
1000000000010110
0110010001000000
0110100000111000
1000000000001010
0110011000111000
0000000000000000
0000000000000000
0000000000001110
0000000001001000
0000000001100101
0000000001101100
0000000001101100
0000000001101111
0000000000101100
0000000000100000
0000000001110111
0000000001101111
0000000001110010
0000000001101100
0000000001100100
0000000000100001
