0001010000000000
1000000000000011
0110011000111000
1111111111111111
0101001000111000
1111111111111110
0101001000111000
1111111111111101
0101001000111000
1000000000000001
0101000000000011
0000001111011001
0101010001000000
1001111101000000
0000111111111001
0101011000000010
0111101000010001
1000000000000000
0101000000000011
0000001111011001
0101010001000000
1001111101000001
0000111111111001
0101011000000010
0111101000010001
1000000000000010
0101000000000011
0000001111011001
0101010001000000
1000000000000000
0000111111111001
0101011000000010
0111101000010001
1000000000000010
0101000000000011
0000001111011001
0111100000001001
0101010001000000
1000000000011010
0000111111111001
0101011000000010
0110010001010000
1000000000001000
0000111100111001
1000000000111100
0110010001000000
0110101000111000
1000000001011001
0110011000111000
1000000000000010
0101000000000011
0000001111011001
0101010001000000
0111100000001001
1000000000000001
0000001111001001
0101011000000010
0111101000010001
1000000000100001
0110011000111000
1000000000000001
0101000000000011
0000001111011001
0111100000001001
0101010001000000
1000000000000011
0101000000000011
0000001111011001
0111100000001001
0101011000000010
0111101000010001
1000000000000000
0101000000000011
0000001111011001
0111100000001001
0101010001000000
1000000001000001
0000111111111001
0101010001000000
1000000000000100
0101000000000011
0000001111011001
0111100000001001
0101011000000010
0000001010010001
0101011000000010
0111101000010001
1000000000110001
0110011000111000
1111111111111101
0101001000111000
1000000000000000
0101001000111000
0111011000000000
